File_name	Seg_num	Seg	Syll	t	t_m	F1	F2	F3	F4	COG	sdev	skew	kurt	
vowels.wav	26	au	t1	1	0.045	748	1058	2512	0	10462	5772	-0.9	-0.8
vowels.wav	26	au	t1	2	0.055	716	978	2496	0	12308	5506	-0.7	-0.2
vowels.wav	26	au	t1	3	0.064	687	932	2496	0	630	2283	7	53
vowels.wav	26	au	t1	4	0.074	726	874	2462	0	54	424	30	1155
vowels.wav	26	au	t1	5	0.084	740	798	2406	0	180	819	16	303
vowels.wav	26	au	t1	6	0.093	693	796	2399	0	38	411	31	1223
vowels.wav	26	au	t1	7	0.103	668	835	2371	0	37	403	32	1258
vowels.wav	26	au	t1	8	0.113	673	842	2338	0	46	449	29	1020
vowels.wav	26	au	t1	9	0.122	662	853	2368	0	66	575	23	627
vowels.wav	26	au	t1	10	0.132	606	855	2327	0	87	643	20	497
vowels.wav	26	au	t1	11	0.142	587	854	2234	0	72	624	22	575
vowels.wav	26	au	t1	12	0.151	582	852	2259	0	214	786	17	354
vowels.wav	26	au	t1	13	0.161	543	858	2339	0	173	770	18	390
vowels.wav	26	au	t1	14	0.171	522	859	2343	0	418	1381	10	114
vowels.wav	26	au	t1	15	0.180	510	872	2373	0	344	1028	12	177
vowels.wav	26	au	t1	16	0.190	513	879	2430	0	452	1304	10	126
vowels.wav	26	au	t1	17	0.200	512	876	2435	0	157	815	17	341
vowels.wav	26	au	t1	18	0.209	501	868	2421	0	368	1300	10	128
vowels.wav	26	au	t1	19	0.219	498	852	2454	0	191	975	15	248
vowels.wav	26	au	t1	20	0.229	493	832	2455	0	498	1226	11	150
vowels.wav	26	au	t1	21	0.238	489	808	2342	0	356	1087	13	197
vowels.wav	26	au	t1	22	0.248	488	795	2385	0	628	1411	10	112
vowels.wav	26	au	t1	23	0.258	498	790	2513	0	613	1519	9	103
vowels.wav	26	au	t1	24	0.267	498	752	2515	0	390	1321	11	141
vowels.wav	26	au	t1	25	0.277	506	705	2551	0	416	1515	10	105
vowels.wav	26	au	t1	26	0.287	497	697	2440	0	525	1417	10	116
vowels.wav	26	au	t1	27	0.296	454	700	2494	0	473	1026	14	226
vowels.wav	26	au	t1	28	0.306	445	729	2493	0	277	799	17	347
vowels.wav	26	au	t1	29	0.316	479	722	2400	0	422	1134	12	183
vowels.wav	26	au	t1	30	0.325	487	719	2396	0	578	1541	10	103
vowels.wav	28	au	t1	1	0.045	788	1492	2401	0	10947	5791	-1	-0.6
vowels.wav	28	au	t1	2	0.055	744	1275	2371	0	12697	5459	-0.8	-0.2
vowels.wav	28	au	t1	3	0.064	675	1048	2322	0	725	2359	7	46
vowels.wav	28	au	t1	4	0.074	679	1005	2344	0	48	398	32	1309
vowels.wav	28	au	t1	5	0.084	709	969	2398	0	163	801	16	319
vowels.wav	28	au	t1	6	0.094	686	1010	2366	0	37	403	31	1240
vowels.wav	28	au	t1	7	0.103	660	996	2321	0	38	414	31	1176
vowels.wav	28	au	t1	8	0.113	670	964	2305	0	49	476	27	902
vowels.wav	28	au	t1	9	0.123	686	933	2324	0	55	541	25	747
vowels.wav	28	au	t1	10	0.133	674	925	2331	0	72	561	23	667
vowels.wav	28	au	t1	11	0.142	679	932	2320	0	75	602	24	660
vowels.wav	28	au	t1	12	0.152	661	927	2326	0	213	831	16	323
vowels.wav	28	au	t1	13	0.162	618	890	2300	0	197	879	16	290
vowels.wav	28	au	t1	14	0.172	599	873	2336	0	465	1495	9	95
vowels.wav	28	au	t1	15	0.181	583	874	2361	0	291	991	13	199
vowels.wav	28	au	t1	16	0.191	572	888	2342	0	489	1330	10	121
vowels.wav	28	au	t1	17	0.201	561	892	2331	0	160	803	17	345
vowels.wav	28	au	t1	18	0.211	552	893	2328	0	388	1348	10	126
vowels.wav	28	au	t1	19	0.220	544	891	2321	0	250	1066	13	199
vowels.wav	28	au	t1	20	0.230	529	881	2316	0	640	1518	9	92
vowels.wav	28	au	t1	21	0.240	523	856	2311	0	316	997	14	238
vowels.wav	28	au	t1	22	0.250	519	859	2306	0	651	1468	9	97
vowels.wav	28	au	t1	23	0.259	512	849	2302	0	592	1537	9	102
vowels.wav	28	au	t1	24	0.269	506	839	2339	0	557	1556	9	100
vowels.wav	28	au	t1	25	0.279	509	832	2415	0	660	1953	7	60
vowels.wav	28	au	t1	26	0.288	508	820	2450	0	569	1412	10	110
vowels.wav	28	au	t1	27	0.298	513	795	2503	0	463	1122	12	187
vowels.wav	28	au	t1	28	0.308	513	748	2460	0	292	881	15	270
vowels.wav	28	au	t1	29	0.318	517	737	2396	0	338	1047	14	224
vowels.wav	28	au	t1	30	0.327	491	759	2491	0	626	1633	9	94
vowels.wav	30	au	t1	1	0.045	815	1255	2369	0	11037	5580	-1	-0.4
vowels.wav	30	au	t1	2	0.055	731	1196	2378	0	13135	5659	-0.6	-0.6
vowels.wav	30	au	t1	3	0.065	704	1042	2350	0	779	2035	7	55
vowels.wav	30	au	t1	4	0.075	703	984	2385	0	30	280	46	2627
vowels.wav	30	au	t1	5	0.085	701	971	2383	0	109	651	20	484
vowels.wav	30	au	t1	6	0.095	700	987	2434	0	36	412	31	1195
vowels.wav	30	au	t1	7	0.105	697	1016	2465	0	37	412	31	1191
vowels.wav	30	au	t1	8	0.115	704	1044	2409	0	46	453	28	982
vowels.wav	30	au	t1	9	0.125	709	1034	2391	0	36	390	33	1354
vowels.wav	30	au	t1	10	0.135	692	1024	2364	0	68	598	23	616
vowels.wav	30	au	t1	11	0.145	683	1009	2379	0	110	723	19	432
vowels.wav	30	au	t1	12	0.155	675	1001	2368	0	309	1059	13	195
vowels.wav	30	au	t1	13	0.165	664	982	2371	0	231	896	15	276
vowels.wav	30	au	t1	14	0.175	647	944	2352	0	483	1379	10	110
vowels.wav	30	au	t1	15	0.185	627	910	2301	0	347	1193	11	144
vowels.wav	30	au	t1	16	0.195	616	908	2279	0	367	1131	12	170
vowels.wav	30	au	t1	17	0.205	597	916	2294	0	236	1086	13	194
vowels.wav	30	au	t1	18	0.214	582	907	2313	0	467	1494	9	97
vowels.wav	30	au	t1	19	0.224	560	890	2341	0	369	1245	11	146
vowels.wav	30	au	t1	20	0.234	539	907	2310	0	359	1079	12	192
vowels.wav	30	au	t1	21	0.244	516	906	2269	0	645	1381	10	117
vowels.wav	30	au	t1	22	0.254	510	895	2344	0	435	1302	11	139
vowels.wav	30	au	t1	23	0.264	514	834	2419	0	476	1347	11	132
vowels.wav	30	au	t1	24	0.274	531	831	2529	0	585	1716	9	82
vowels.wav	30	au	t1	25	0.284	537	841	2567	0	538	1556	9	96
vowels.wav	30	au	t1	26	0.294	540	853	2571	0	517	1091	13	190
vowels.wav	30	au	t1	27	0.304	546	842	2495	0	307	1006	14	225
vowels.wav	30	au	t1	28	0.314	583	820	2489	0	522	1248	11	139
vowels.wav	30	au	t1	29	0.324	573	853	2517	0	410	1281	12	155
vowels.wav	30	au	t1	30	0.334	523	917	2525	0	427	1122	14	209
vowels.wav	32	au	t2	1	0.046	721	1012	2412	0	11555	5630	-1.0	-0.2
vowels.wav	32	au	t2	2	0.058	687	966	2405	0	19552	2540	-6	39
vowels.wav	32	au	t2	3	0.070	677	928	2413	0	127	678	19	442
vowels.wav	32	au	t2	4	0.083	742	957	2419	0	162	763	17	347
vowels.wav	32	au	t2	5	0.095	753	918	2326	0	43	394	32	1301
vowels.wav	32	au	t2	6	0.107	671	941	2392	0	46	415	31	1192
vowels.wav	32	au	t2	7	0.119	658	901	2421	0	58	494	27	859
vowels.wav	32	au	t2	8	0.131	715	915	2469	0	72	511	26	827
vowels.wav	32	au	t2	9	0.144	686	937	2396	0	113	726	19	442
vowels.wav	32	au	t2	10	0.156	667	955	2347	0	382	1161	12	161
vowels.wav	32	au	t2	11	0.168	685	992	2501	0	269	1061	13	202
vowels.wav	32	au	t2	12	0.180	666	1002	2503	0	337	1039	12	181
vowels.wav	32	au	t2	13	0.192	614	1005	2445	0	407	1212	11	149
vowels.wav	32	au	t2	14	0.205	589	977	2427	0	277	1101	12	184
vowels.wav	32	au	t2	15	0.217	564	982	2364	0	227	1038	14	223
vowels.wav	32	au	t2	16	0.229	557	926	2403	0	534	1294	11	132
vowels.wav	32	au	t2	17	0.241	550	873	2338	0	372	1063	13	205
vowels.wav	32	au	t2	18	0.253	545	836	2356	0	528	1417	10	115
vowels.wav	32	au	t2	19	0.265	537	784	2400	0	487	1378	11	131
vowels.wav	32	au	t2	20	0.278	543	824	2483	0	535	1740	9	79
vowels.wav	32	au	t2	21	0.290	506	750	2465	0	587	1412	10	115
vowels.wav	32	au	t2	22	0.302	480	754	2447	0	335	947	14	245
vowels.wav	32	au	t2	23	0.314	445	808	2433	0	446	1237	11	140
vowels.wav	32	au	t2	24	0.326	458	845	2357	0	634	1718	8	80
vowels.wav	32	au	t2	25	0.339	465	843	2434	0	393	1063	14	219
vowels.wav	32	au	t2	26	0.351	473	833	2427	0	343	1120	13	201
vowels.wav	32	au	t2	27	0.363	483	796	2416	0	543	1347	11	139
vowels.wav	32	au	t2	28	0.375	482	781	2498	0	236	846	18	354
vowels.wav	32	au	t2	29	0.387	510	666	2497	0	434	1422	10	122
vowels.wav	32	au	t2	30	0.400	582	676	2516	0	419	1332	11	132
vowels.wav	34	au	t2	1	0.046	835	1128	2418	0	11351	5601	-1	-0.3
vowels.wav	34	au	t2	2	0.057	744	978	2390	0	19415	2432	-6	38
vowels.wav	34	au	t2	3	0.068	812	1051	2382	0	258	1042	12	191
vowels.wav	34	au	t2	4	0.080	800	1060	2374	0	79	462	28	956
vowels.wav	34	au	t2	5	0.091	764	1026	2401	0	22	341	38	1774
vowels.wav	34	au	t2	6	0.102	799	922	2342	0	20	355	36	1657
vowels.wav	34	au	t2	7	0.114	766	927	2393	0	34	438	29	1051
vowels.wav	34	au	t2	8	0.125	723	946	2441	0	30	422	31	1182
vowels.wav	34	au	t2	9	0.136	756	972	2457	0	44	475	30	1042
vowels.wav	34	au	t2	10	0.148	738	962	2445	0	128	692	20	464
vowels.wav	34	au	t2	11	0.159	648	917	2424	0	309	1028	13	210
vowels.wav	34	au	t2	12	0.170	715	950	2507	0	514	1588	8	82
vowels.wav	34	au	t2	13	0.181	638	985	2518	0	358	1206	11	137
vowels.wav	34	au	t2	14	0.193	587	987	2459	0	401	1190	11	152
vowels.wav	34	au	t2	15	0.204	575	930	2430	0	189	950	14	243
vowels.wav	34	au	t2	16	0.215	557	880	2506	0	306	1234	11	149
vowels.wav	34	au	t2	17	0.227	553	848	2322	0	495	1295	11	135
vowels.wav	34	au	t2	18	0.238	524	812	2161	0	376	1135	12	179
vowels.wav	34	au	t2	19	0.249	517	801	2276	0	504	1278	10	126
vowels.wav	34	au	t2	20	0.261	501	772	2301	0	491	1339	11	138
vowels.wav	34	au	t2	21	0.272	495	780	2450	0	603	1614	9	95
vowels.wav	34	au	t2	22	0.283	473	775	2466	0	559	1641	9	89
vowels.wav	34	au	t2	23	0.295	444	844	2440	0	508	1097	13	190
vowels.wav	34	au	t2	24	0.306	447	828	2461	0	297	910	15	264
vowels.wav	34	au	t2	25	0.317	449	781	2399	0	409	1180	12	166
vowels.wav	34	au	t2	26	0.329	472	779	2454	0	687	1701	9	86
vowels.wav	34	au	t2	27	0.340	463	731	2516	0	350	968	15	269
vowels.wav	34	au	t2	28	0.351	428	650	2379	0	295	1078	14	213
vowels.wav	34	au	t2	29	0.363	397	677	2412	0	516	1407	11	126
vowels.wav	34	au	t2	30	0.374	362	747	2431	0	245	889	16	303
vowels.wav	36	au	t2	1	0.045	651	982	2506	0	11209	5371	-1	-0.2
vowels.wav	36	au	t2	2	0.056	646	926	2535	0	15197	7690	-1	-0.4
vowels.wav	36	au	t2	3	0.066	665	1002	2595	0	472	1234	11	145
vowels.wav	36	au	t2	4	0.077	672	992	2601	0	14	132	101	12870
vowels.wav	36	au	t2	5	0.088	685	980	2575	0	46	433	29	1087
vowels.wav	36	au	t2	6	0.098	649	930	2551	0	27	357	36	1589
vowels.wav	36	au	t2	7	0.109	660	883	2495	0	30	375	34	1420
vowels.wav	36	au	t2	8	0.119	678	891	2524	0	42	444	29	1029
vowels.wav	36	au	t2	9	0.130	643	933	2527	0	62	528	25	746
vowels.wav	36	au	t2	10	0.141	608	875	2466	0	59	563	25	736
vowels.wav	36	au	t2	11	0.151	632	881	2525	0	221	849	17	319
vowels.wav	36	au	t2	12	0.162	596	895	2459	0	146	695	20	475
vowels.wav	36	au	t2	13	0.172	558	884	2463	0	471	1443	9	101
vowels.wav	36	au	t2	14	0.183	557	912	2506	0	278	1069	12	176
vowels.wav	36	au	t2	15	0.193	559	928	2415	0	367	1069	13	191
vowels.wav	36	au	t2	16	0.204	532	940	2376	0	196	949	14	248
vowels.wav	36	au	t2	17	0.215	514	908	2422	0	434	1432	9	103
vowels.wav	36	au	t2	18	0.225	518	874	2453	0	335	1119	12	178
vowels.wav	36	au	t2	19	0.236	528	830	2493	0	438	1296	11	134
vowels.wav	36	au	t2	20	0.246	521	793	2470	0	792	1571	8	85
vowels.wav	36	au	t2	21	0.257	502	785	2517	0	557	1397	10	122
vowels.wav	36	au	t2	22	0.267	447	775	2560	0	460	1429	10	120
vowels.wav	36	au	t2	23	0.278	428	743	2546	0	513	1731	9	79
vowels.wav	36	au	t2	24	0.289	421	763	2801	0	542	1391	10	119
vowels.wav	36	au	t2	25	0.299	431	762	2512	0	461	1135	12	168
vowels.wav	36	au	t2	26	0.310	424	775	2507	0	372	1034	12	193
vowels.wav	36	au	t2	27	0.320	447	763	2495	0	348	1056	14	231
vowels.wav	36	au	t2	28	0.331	470	757	2488	0	554	1418	10	122
vowels.wav	36	au	t2	29	0.342	500	792	2504	0	378	1091	13	205
vowels.wav	36	au	t2	30	0.352	481	750	2402	0	278	1099	13	211
vowels.wav	38	au	t3	1	0.048	623	1049	2312	0	11617	5655	-1.0	-0.2
vowels.wav	38	au	t3	2	0.064	660	1030	2425	0	655	1938	8	75
vowels.wav	38	au	t3	3	0.079	655	1016	2474	0	96	558	23	671
vowels.wav	38	au	t3	4	0.095	663	1034	2469	0	25	290	44	2422
vowels.wav	38	au	t3	5	0.111	626	1029	2452	0	34	363	35	1567
vowels.wav	38	au	t3	6	0.127	624	1023	2393	0	65	580	23	619
vowels.wav	38	au	t3	7	0.142	664	1010	2303	0	120	734	18	386
vowels.wav	38	au	t3	8	0.158	665	1014	2322	0	285	1075	13	187
vowels.wav	38	au	t3	9	0.174	715	973	2337	0	369	1250	11	132
vowels.wav	38	au	t3	10	0.190	716	1047	2404	0	460	1311	10	124
vowels.wav	38	au	t3	11	0.205	672	1013	2373	0	255	1017	14	220
vowels.wav	38	au	t3	12	0.221	707	1057	2359	0	286	1100	13	195
vowels.wav	38	au	t3	13	0.237	648	998	2300	0	416	1125	12	178
vowels.wav	38	au	t3	14	0.253	636	966	2365	0	611	1408	10	115
vowels.wav	38	au	t3	15	0.268	659	981	2512	0	505	1464	10	116
vowels.wav	38	au	t3	16	0.284	622	938	2410	0	568	1647	9	84
vowels.wav	38	au	t3	17	0.300	611	906	2282	0	379	1046	13	204
vowels.wav	38	au	t3	18	0.316	592	867	2355	0	382	1026	13	215
vowels.wav	38	au	t3	19	0.331	585	862	2463	0	492	1292	12	159
vowels.wav	38	au	t3	20	0.347	561	852	2509	0	302	1009	15	245
vowels.wav	38	au	t3	21	0.363	527	821	2468	0	451	1177	13	187
vowels.wav	38	au	t3	22	0.379	494	780	2393	0	324	1086	14	223
vowels.wav	38	au	t3	23	0.395	496	811	2436	0	493	1430	10	111
vowels.wav	38	au	t3	24	0.410	495	839	2389	0	625	1435	9	98
vowels.wav	38	au	t3	25	0.426	499	820	2352	0	318	928	14	244
vowels.wav	38	au	t3	26	0.442	497	823	2429	0	451	1178	12	173
vowels.wav	38	au	t3	27	0.458	479	714	2500	0	251	667	20	519
vowels.wav	38	au	t3	28	0.473	448	756	2452	0	258	756	19	413
vowels.wav	38	au	t3	29	0.489	442	710	2377	0	490	1303	11	137
vowels.wav	38	au	t3	30	0.505	438	649	2398	0	493	1439	10	112
vowels.wav	40	au	t3	1	0.047	630	1089	2238	0	11613	5652	-1.0	-0.2
vowels.wav	40	au	t3	2	0.061	653	1044	2311	0	6862	9129	0.7	-1
vowels.wav	40	au	t3	3	0.076	674	1080	2366	0	25	115	120	17943
vowels.wav	40	au	t3	4	0.090	655	1088	2430	0	37	359	36	1595
vowels.wav	40	au	t3	5	0.104	651	1053	2430	0	32	339	38	1820
vowels.wav	40	au	t3	6	0.119	637	1080	2277	0	58	498	26	846
vowels.wav	40	au	t3	7	0.133	628	1056	2240	0	75	582	23	637
vowels.wav	40	au	t3	8	0.147	620	1062	2253	0	147	745	18	397
vowels.wav	40	au	t3	9	0.161	660	1052	2404	0	206	815	17	342
vowels.wav	40	au	t3	10	0.176	692	1065	2385	0	294	1104	12	174
vowels.wav	40	au	t3	11	0.190	674	1025	2321	0	446	1223	11	141
vowels.wav	40	au	t3	12	0.204	715	1034	2311	0	241	1000	14	220
vowels.wav	40	au	t3	13	0.219	678	990	2356	0	270	1077	14	210
vowels.wav	40	au	t3	14	0.233	650	934	2393	0	370	1127	12	180
vowels.wav	40	au	t3	15	0.247	615	889	2341	0	624	1369	10	115
vowels.wav	40	au	t3	16	0.262	603	898	2483	0	487	1354	11	133
vowels.wav	40	au	t3	17	0.276	582	847	2385	0	605	1787	8	74
vowels.wav	40	au	t3	18	0.290	591	862	2396	0	730	1680	8	77
vowels.wav	40	au	t3	19	0.304	573	833	2351	0	345	1017	13	215
vowels.wav	40	au	t3	20	0.319	530	783	2335	0	399	1090	13	204
vowels.wav	40	au	t3	21	0.333	512	815	2409	0	532	1430	11	124
vowels.wav	40	au	t3	22	0.347	508	828	2375	0	291	949	15	277
vowels.wav	40	au	t3	23	0.362	506	845	2385	0	572	1482	10	117
vowels.wav	40	au	t3	24	0.376	502	808	2405	0	252	913	16	294
vowels.wav	40	au	t3	25	0.390	517	725	2382	0	455	1345	11	136
vowels.wav	40	au	t3	26	0.404	531	685	2368	0	614	1640	8	78
vowels.wav	40	au	t3	27	0.419	458	785	2372	0	351	1021	12	193
vowels.wav	40	au	t3	28	0.433	449	788	2326	0	631	1536	9	99
vowels.wav	40	au	t3	29	0.447	397	713	2387	0	352	1076	13	190
vowels.wav	40	au	t3	30	0.462	386	741	2338	0	296	854	15	295
vowels.wav	42	au	t3	1	0.047	738	1130	0	0	11610	5651	-1.0	-0.2
vowels.wav	42	au	t3	2	0.061	751	1128	0	0	11772	9524	-0.3	-2
vowels.wav	42	au	t3	3	0.075	726	1151	0	0	24	108	128	20544
vowels.wav	42	au	t3	4	0.089	706	1087	0	0	44	392	33	1349
vowels.wav	42	au	t3	5	0.103	726	1108	0	0	33	343	37	1753
vowels.wav	42	au	t3	6	0.117	743	1076	0	0	57	482	27	888
vowels.wav	42	au	t3	7	0.131	716	1104	0	0	63	508	26	831
vowels.wav	42	au	t3	8	0.145	687	1091	0	0	95	611	23	618
vowels.wav	42	au	t3	9	0.159	681	1080	0	0	244	903	16	279
vowels.wav	42	au	t3	10	0.173	718	1102	0	0	510	1420	10	105
vowels.wav	42	au	t3	11	0.187	682	1081	0	0	391	1246	10	131
vowels.wav	42	au	t3	12	0.200	715	1063	0	0	250	1032	13	205
vowels.wav	42	au	t3	13	0.214	718	1137	0	0	359	1382	10	114
vowels.wav	42	au	t3	14	0.228	703	1122	0	0	660	1622	8	82
vowels.wav	42	au	t3	15	0.242	714	1081	0	0	401	1088	12	188
vowels.wav	42	au	t3	16	0.256	666	1036	0	0	591	1491	10	107
vowels.wav	42	au	t3	17	0.270	701	1012	0	0	510	1450	10	115
vowels.wav	42	au	t3	18	0.284	630	909	0	0	544	1625	9	88
vowels.wav	42	au	t3	19	0.298	574	871	0	0	427	1035	13	203
vowels.wav	42	au	t3	20	0.312	542	811	0	0	400	1075	13	192
vowels.wav	42	au	t3	21	0.326	535	829	0	0	403	1271	12	160
vowels.wav	42	au	t3	22	0.340	509	845	0	0	387	1035	14	232
vowels.wav	42	au	t3	23	0.354	498	823	0	0	374	1164	13	192
vowels.wav	42	au	t3	24	0.368	497	834	0	0	293	930	16	292
vowels.wav	42	au	t3	25	0.382	503	827	0	0	447	1390	11	132
vowels.wav	42	au	t3	26	0.396	495	789	0	0	461	1403	10	117
vowels.wav	42	au	t3	27	0.410	483	795	0	0	636	1467	9	94
vowels.wav	42	au	t3	28	0.424	457	772	0	0	340	1010	13	197
vowels.wav	42	au	t3	29	0.438	467	803	0	0	540	1336	11	131
vowels.wav	42	au	t3	30	0.452	458	749	0	0	241	662	22	555
vowels.wav	44	au	t4	1	0.043	663	999	2378	0	365	1285	11	134
vowels.wav	44	au	t4	2	0.050	658	1004	2361	0	12511	4839	-1	0.9
vowels.wav	44	au	t4	3	0.057	646	1032	2355	0	19738	2148	-7	54
vowels.wav	44	au	t4	4	0.064	649	1050	2337	0	933	3030	5	27
vowels.wav	44	au	t4	5	0.070	653	1060	2307	0	262	1043	12	183
vowels.wav	44	au	t4	6	0.077	657	1055	2236	0	47	382	34	1423
vowels.wav	44	au	t4	7	0.084	666	1035	2184	0	192	921	14	240
vowels.wav	44	au	t4	8	0.091	664	1026	2273	0	67	520	25	757
vowels.wav	44	au	t4	9	0.098	656	1012	2348	0	70	532	24	717
vowels.wav	44	au	t4	10	0.104	641	963	2319	0	74	555	23	665
vowels.wav	44	au	t4	11	0.111	632	937	2242	0	78	560	22	630
vowels.wav	44	au	t4	12	0.118	636	979	2213	0	84	602	21	550
vowels.wav	44	au	t4	13	0.125	631	987	2228	0	81	602	22	577
vowels.wav	44	au	t4	14	0.131	619	946	2215	0	184	920	14	242
vowels.wav	44	au	t4	15	0.138	621	958	2246	0	137	853	16	293
vowels.wav	44	au	t4	16	0.145	610	976	2306	0	164	798	17	338
vowels.wav	44	au	t4	17	0.152	585	978	2318	0	283	957	14	223
vowels.wav	44	au	t4	18	0.159	562	977	2323	0	294	1007	14	218
vowels.wav	44	au	t4	19	0.165	549	965	2341	0	175	742	18	394
vowels.wav	44	au	t4	20	0.172	537	951	2338	0	396	1566	9	92
vowels.wav	44	au	t4	21	0.179	540	943	2346	0	276	932	13	224
vowels.wav	44	au	t4	22	0.186	551	930	2350	0	537	1517	9	86
vowels.wav	44	au	t4	23	0.192	528	929	2362	0	412	1122	12	174
vowels.wav	44	au	t4	24	0.199	488	930	2391	0	187	860	16	302
vowels.wav	44	au	t4	25	0.206	458	878	2386	0	255	1067	13	191
vowels.wav	44	au	t4	26	0.213	450	868	2351	0	854	2008	6	47
vowels.wav	44	au	t4	27	0.220	472	894	2347	0	159	865	17	325
vowels.wav	44	au	t4	28	0.226	486	925	2387	0	491	1316	11	129
vowels.wav	44	au	t4	29	0.233	500	881	2382	0	589	1290	11	139
vowels.wav	44	au	t4	30	0.240	486	825	2318	0	319	951	15	257
vowels.wav	46	au	t4	1	0.043	745	964	2272	0	371	1304	11	131
vowels.wav	46	au	t4	2	0.050	642	986	2295	0	12501	4836	-1	0.9
vowels.wav	46	au	t4	3	0.056	698	958	2325	0	19671	2243	-7	49
vowels.wav	46	au	t4	4	0.063	789	982	2338	0	1997	4614	3	8
vowels.wav	46	au	t4	5	0.070	768	964	2349	0	345	1207	11	143
vowels.wav	46	au	t4	6	0.076	725	937	2354	0	50	390	32	1318
vowels.wav	46	au	t4	7	0.083	699	936	2353	0	298	1103	12	165
vowels.wav	46	au	t4	8	0.089	696	918	2352	0	73	545	23	688
vowels.wav	46	au	t4	9	0.096	710	908	2338	0	76	567	23	639
vowels.wav	46	au	t4	10	0.103	746	902	2315	0	71	537	24	700
vowels.wav	46	au	t4	11	0.109	782	906	2304	0	70	527	24	728
vowels.wav	46	au	t4	12	0.116	733	932	2296	0	80	595	22	597
vowels.wav	46	au	t4	13	0.122	688	942	2283	0	100	716	18	412
vowels.wav	46	au	t4	14	0.129	673	948	2281	0	103	696	19	441
vowels.wav	46	au	t4	15	0.136	671	956	2304	0	67	478	28	922
vowels.wav	46	au	t4	16	0.142	662	961	2323	0	69	488	29	1005
vowels.wav	46	au	t4	17	0.149	640	933	2308	0	171	726	19	438
vowels.wav	46	au	t4	18	0.155	608	946	2307	0	273	964	15	248
vowels.wav	46	au	t4	19	0.162	606	972	2340	0	268	969	14	230
vowels.wav	46	au	t4	20	0.168	612	974	2359	0	519	1572	8	82
vowels.wav	46	au	t4	21	0.175	582	941	2321	0	635	1493	9	94
vowels.wav	46	au	t4	22	0.182	553	904	2263	0	331	1195	10	125
vowels.wav	46	au	t4	23	0.188	546	920	2314	0	588	1886	7	55
vowels.wav	46	au	t4	24	0.195	524	968	2331	0	503	1310	10	120
vowels.wav	46	au	t4	25	0.201	528	960	2317	0	324	1253	11	141
vowels.wav	46	au	t4	26	0.208	563	901	2348	0	376	1399	10	113
vowels.wav	46	au	t4	27	0.215	534	901	2341	0	876	2268	6	40
vowels.wav	46	au	t4	28	0.221	505	966	2319	0	167	841	17	339
vowels.wav	46	au	t4	29	0.228	512	926	2332	0	444	1213	11	144
vowels.wav	46	au	t4	30	0.234	508	892	2348	0	530	1355	10	120
vowels.wav	48	au	t4	1	0.043	616	957	2395	0	344	1214	12	159
vowels.wav	48	au	t4	2	0.049	629	963	2389	0	12399	4841	-1	0.8
vowels.wav	48	au	t4	3	0.055	643	949	2360	0	19756	2162	-7	59
vowels.wav	48	au	t4	4	0.061	657	943	2337	0	13668	7937	-0.8	-1
vowels.wav	48	au	t4	5	0.067	686	966	2321	0	955	2333	6	40
vowels.wav	48	au	t4	6	0.073	710	982	2320	0	143	741	17	370
vowels.wav	48	au	t4	7	0.079	709	988	2344	0	69	476	27	891
vowels.wav	48	au	t4	8	0.084	693	999	2367	0	174	871	15	263
vowels.wav	48	au	t4	9	0.090	682	1007	2375	0	81	568	22	628
vowels.wav	48	au	t4	10	0.096	677	1012	2372	0	86	597	21	574
vowels.wav	48	au	t4	11	0.102	671	1009	2371	0	83	584	22	598
vowels.wav	48	au	t4	12	0.108	662	1003	2363	0	80	566	23	632
vowels.wav	48	au	t4	13	0.114	653	983	2347	0	92	618	21	528
vowels.wav	48	au	t4	14	0.120	643	958	2313	0	112	721	18	406
vowels.wav	48	au	t4	15	0.126	648	924	2287	0	98	658	20	471
vowels.wav	48	au	t4	16	0.132	669	907	2298	0	252	1098	12	167
vowels.wav	48	au	t4	17	0.138	642	928	2311	0	197	1054	12	184
vowels.wav	48	au	t4	18	0.144	611	949	2313	0	140	799	17	334
vowels.wav	48	au	t4	19	0.150	583	966	2340	0	167	697	19	449
vowels.wav	48	au	t4	20	0.156	571	989	2344	0	268	922	16	282
vowels.wav	48	au	t4	21	0.161	558	965	2345	0	518	1466	9	91
vowels.wav	48	au	t4	22	0.167	539	875	2368	0	497	1619	8	78
vowels.wav	48	au	t4	23	0.173	509	869	2367	0	490	1383	10	113
vowels.wav	48	au	t4	24	0.179	494	899	2358	0	225	918	14	245
vowels.wav	48	au	t4	25	0.185	490	897	2355	0	541	1512	8	82
vowels.wav	48	au	t4	26	0.191	487	863	2351	0	353	1103	12	180
vowels.wav	48	au	t4	27	0.197	488	831	2363	0	173	892	16	288
vowels.wav	48	au	t4	28	0.203	499	875	2425	0	296	990	13	211
vowels.wav	48	au	t4	29	0.209	530	915	2440	0	377	1248	11	144
vowels.wav	48	au	t4	30	0.215	538	906	2402	0	717	2044	7	54
