File_name	Seg_num	Seg	Syll	t	t_m	F1	F2	F3	F4	COG	sdev	skew	kurt	
vowels.wav	2	ai	t1	1	0.046	801	1493	2440	0	11595	5645	-1.0	-0.2
vowels.wav	2	ai	t1	2	0.059	760	1519	2446	0	18584	4746	-3	10
vowels.wav	2	ai	t1	3	0.072	752	1478	2475	0	66	439	29	1052
vowels.wav	2	ai	t1	4	0.085	705	1439	2458	0	92	575	22	618
vowels.wav	2	ai	t1	5	0.098	709	1494	2454	0	36	361	36	1582
vowels.wav	2	ai	t1	6	0.111	718	1533	2416	0	47	427	30	1118
vowels.wav	2	ai	t1	7	0.124	720	1502	2418	0	54	495	27	865
vowels.wav	2	ai	t1	8	0.137	674	1542	2393	0	56	474	30	1047
vowels.wav	2	ai	t1	9	0.150	676	1605	2378	0	259	951	14	238
vowels.wav	2	ai	t1	10	0.163	657	1679	2357	0	254	980	14	241
vowels.wav	2	ai	t1	11	0.176	655	1757	2438	0	288	1047	13	192
vowels.wav	2	ai	t1	12	0.189	646	1769	2555	0	459	1255	11	133
vowels.wav	2	ai	t1	13	0.202	614	1788	2516	0	175	849	16	322
vowels.wav	2	ai	t1	14	0.215	582	1839	2562	0	260	1050	14	214
vowels.wav	2	ai	t1	15	0.228	559	1844	2564	0	544	1335	10	125
vowels.wav	2	ai	t1	16	0.241	536	1877	2547	0	398	1120	12	179
vowels.wav	2	ai	t1	17	0.254	525	1910	2530	0	570	1447	10	110
vowels.wav	2	ai	t1	18	0.267	520	1989	2552	0	506	1523	10	105
vowels.wav	2	ai	t1	19	0.280	517	2041	2544	0	690	1779	8	73
vowels.wav	2	ai	t1	20	0.293	515	2092	2559	0	535	1190	12	158
vowels.wav	2	ai	t1	21	0.306	518	2123	2579	0	289	834	16	324
vowels.wav	2	ai	t1	22	0.319	519	2151	2612	0	348	1006	15	258
vowels.wav	2	ai	t1	23	0.332	519	2171	2617	0	477	1269	12	159
vowels.wav	2	ai	t1	24	0.345	522	2212	2641	0	329	1019	14	234
vowels.wav	2	ai	t1	25	0.358	527	2217	2651	0	473	1308	12	155
vowels.wav	2	ai	t1	26	0.371	549	2259	2654	0	292	945	16	279
vowels.wav	2	ai	t1	27	0.384	564	2201	2650	0	506	1560	9	101
vowels.wav	2	ai	t1	28	0.397	543	2232	2634	0	455	1411	10	114
vowels.wav	2	ai	t1	29	0.410	482	2288	2670	0	730	1662	8	71
vowels.wav	2	ai	t1	30	0.423	470	2269	2710	0	313	931	14	238
vowels.wav	4	ai	t1	1	0.046	790	1490	2394	0	11568	5636	-1.0	-0.2
vowels.wav	4	ai	t1	2	0.058	703	1514	2353	0	19540	2869	-6	35
vowels.wav	4	ai	t1	3	0.071	728	1549	2390	0	113	634	20	513
vowels.wav	4	ai	t1	4	0.083	742	1578	2365	0	157	759	17	357
vowels.wav	4	ai	t1	5	0.095	758	1546	2341	0	42	396	32	1293
vowels.wav	4	ai	t1	6	0.108	744	1570	2383	0	48	429	30	1102
vowels.wav	4	ai	t1	7	0.120	743	1567	2361	0	63	522	25	773
vowels.wav	4	ai	t1	8	0.132	736	1606	2338	0	72	534	25	747
vowels.wav	4	ai	t1	9	0.145	737	1658	2372	0	91	570	25	732
vowels.wav	4	ai	t1	10	0.157	732	1654	2406	0	340	1121	13	182
vowels.wav	4	ai	t1	11	0.169	724	1689	2377	0	310	1155	12	165
vowels.wav	4	ai	t1	12	0.182	709	1756	2317	0	355	1100	12	162
vowels.wav	4	ai	t1	13	0.194	691	1821	2362	0	323	1050	13	210
vowels.wav	4	ai	t1	14	0.206	675	1868	2403	0	327	1140	12	173
vowels.wav	4	ai	t1	15	0.219	655	1901	2414	0	271	1188	12	166
vowels.wav	4	ai	t1	16	0.231	628	1926	2418	0	591	1440	9	100
vowels.wav	4	ai	t1	17	0.243	609	1993	2457	0	592	1460	9	98
vowels.wav	4	ai	t1	18	0.256	595	2066	2526	0	552	1414	10	119
vowels.wav	4	ai	t1	19	0.268	583	2134	2574	0	459	1393	11	128
vowels.wav	4	ai	t1	20	0.280	574	2227	2567	0	682	1786	8	71
vowels.wav	4	ai	t1	21	0.293	557	2229	2625	0	509	1154	12	169
vowels.wav	4	ai	t1	22	0.305	542	2325	2670	0	258	819	17	346
vowels.wav	4	ai	t1	23	0.317	528	2300	2723	0	349	965	15	272
vowels.wav	4	ai	t1	24	0.330	530	2253	2640	0	730	1844	8	71
vowels.wav	4	ai	t1	25	0.342	525	2199	2512	0	428	1159	12	174
vowels.wav	4	ai	t1	26	0.354	507	2256	2426	0	424	1315	11	141
vowels.wav	4	ai	t1	27	0.367	491	2368	2430	0	381	1174	11	158
vowels.wav	4	ai	t1	28	0.379	487	2405	2598	0	457	1367	11	127
vowels.wav	4	ai	t1	29	0.391	462	2421	2740	0	435	1323	11	142
vowels.wav	4	ai	t1	30	0.403	446	2365	2775	0	613	1610	8	83
vowels.wav	6	ai	t1	1	0.045	746	1529	2356	0	11209	5371	-1	-0.2
vowels.wav	6	ai	t1	2	0.056	729	1526	2365	0	15197	7690	-1	-0.4
vowels.wav	6	ai	t1	3	0.066	737	1590	2327	0	472	1234	11	145
vowels.wav	6	ai	t1	4	0.077	744	1591	2322	0	14	132	101	12870
vowels.wav	6	ai	t1	5	0.088	756	1579	2335	0	46	433	29	1087
vowels.wav	6	ai	t1	6	0.098	790	1612	2369	0	26	360	36	1593
vowels.wav	6	ai	t1	7	0.109	775	1602	2351	0	31	380	34	1422
vowels.wav	6	ai	t1	8	0.119	757	1610	2330	0	42	444	29	1029
vowels.wav	6	ai	t1	9	0.130	758	1639	2304	0	61	530	25	756
vowels.wav	6	ai	t1	10	0.141	761	1683	2315	0	58	549	25	733
vowels.wav	6	ai	t1	11	0.151	768	1681	2310	0	221	850	17	319
vowels.wav	6	ai	t1	12	0.162	758	1701	2306	0	147	698	20	472
vowels.wav	6	ai	t1	13	0.172	739	1720	2299	0	471	1443	9	101
vowels.wav	6	ai	t1	14	0.183	722	1755	2290	0	278	1070	12	176
vowels.wav	6	ai	t1	15	0.193	696	1826	2326	0	367	1068	13	191
vowels.wav	6	ai	t1	16	0.204	678	1875	2426	0	197	953	14	246
vowels.wav	6	ai	t1	17	0.215	665	1898	2445	0	435	1442	9	105
vowels.wav	6	ai	t1	18	0.225	648	1957	2450	0	337	1129	12	178
vowels.wav	6	ai	t1	19	0.236	626	2017	2515	0	437	1280	11	134
vowels.wav	6	ai	t1	20	0.246	596	2134	2574	0	812	1628	8	81
vowels.wav	6	ai	t1	21	0.257	575	2163	2523	0	557	1395	10	123
vowels.wav	6	ai	t1	22	0.267	555	2175	2574	0	461	1418	10	117
vowels.wav	6	ai	t1	23	0.278	540	2227	2628	0	517	1712	8	77
vowels.wav	6	ai	t1	24	0.289	537	2302	2664	0	540	1376	10	121
vowels.wav	6	ai	t1	25	0.299	544	2329	2660	0	456	1102	12	181
vowels.wav	6	ai	t1	26	0.310	553	2343	2619	0	384	1110	12	172
vowels.wav	6	ai	t1	27	0.320	563	2346	2548	0	349	1045	14	231
vowels.wav	6	ai	t1	28	0.331	561	2212	2587	0	551	1437	10	123
vowels.wav	6	ai	t1	29	0.342	540	2192	2594	0	376	1083	14	209
vowels.wav	6	ai	t1	30	0.352	467	2231	2586	0	282	1098	13	206
vowels.wav	8	ai	t2	1	0.046	823	1551	2233	0	11584	5641	-1.0	-0.2
vowels.wav	8	ai	t2	2	0.059	808	1454	2273	0	18906	4248	-4	14
vowels.wav	8	ai	t2	3	0.072	803	1454	2314	0	86	530	24	721
vowels.wav	8	ai	t2	4	0.084	770	1448	2346	0	116	643	20	493
vowels.wav	8	ai	t2	5	0.097	821	1443	2282	0	36	348	37	1696
vowels.wav	8	ai	t2	6	0.110	823	1452	2302	0	45	413	31	1200
vowels.wav	8	ai	t2	7	0.122	813	1465	2294	0	75	589	22	597
vowels.wav	8	ai	t2	8	0.135	798	1506	2292	0	96	652	20	504
vowels.wav	8	ai	t2	9	0.148	775	1506	2259	0	171	805	17	345
vowels.wav	8	ai	t2	10	0.161	801	1505	2269	0	184	780	18	375
vowels.wav	8	ai	t2	11	0.173	803	1488	2252	0	490	1455	9	99
vowels.wav	8	ai	t2	12	0.186	794	1505	2253	0	341	1182	11	152
vowels.wav	8	ai	t2	13	0.199	756	1569	2235	0	298	1022	13	204
vowels.wav	8	ai	t2	14	0.211	744	1612	2226	0	478	1566	9	92
vowels.wav	8	ai	t2	15	0.224	743	1722	2181	0	266	1005	14	226
vowels.wav	8	ai	t2	16	0.237	690	1785	2321	0	452	1229	11	146
vowels.wav	8	ai	t2	17	0.249	688	1781	2440	0	561	1338	10	120
vowels.wav	8	ai	t2	18	0.262	630	1796	2448	0	545	1454	10	116
vowels.wav	8	ai	t2	19	0.275	584	2048	2491	0	619	1800	8	73
vowels.wav	8	ai	t2	20	0.287	548	2125	2507	0	591	1509	9	100
vowels.wav	8	ai	t2	21	0.300	533	2131	2592	0	323	889	16	294
vowels.wav	8	ai	t2	22	0.313	501	2219	2607	0	378	996	14	226
vowels.wav	8	ai	t2	23	0.325	461	2252	2642	0	434	1341	11	140
vowels.wav	8	ai	t2	24	0.338	456	2277	2644	0	363	1017	15	247
vowels.wav	8	ai	t2	25	0.351	446	2261	2718	0	342	1121	13	202
vowels.wav	8	ai	t2	26	0.364	438	2332	2724	0	635	1620	9	88
vowels.wav	8	ai	t2	27	0.376	442	2329	2700	0	296	1029	14	225
vowels.wav	8	ai	t2	28	0.389	465	2303	2696	0	468	1440	10	120
vowels.wav	8	ai	t2	29	0.402	463	2335	2744	0	517	1416	10	107
vowels.wav	8	ai	t2	30	0.414	438	2364	2796	0	376	1100	12	168
vowels.wav	10	ai	t2	1	0.047	806	1563	2254	0	11601	5648	-1.0	-0.2
vowels.wav	10	ai	t2	2	0.060	818	1486	2261	0	16985	6822	-2	2
vowels.wav	10	ai	t2	3	0.073	796	1477	2229	0	46	318	41	2069
vowels.wav	10	ai	t2	4	0.086	758	1472	2307	0	72	499	26	817
vowels.wav	10	ai	t2	5	0.100	778	1540	2270	0	34	351	37	1690
vowels.wav	10	ai	t2	6	0.113	794	1564	2285	0	45	402	32	1250
vowels.wav	10	ai	t2	7	0.126	805	1610	2266	0	48	453	30	1079
vowels.wav	10	ai	t2	8	0.139	795	1569	2222	0	63	488	28	956
vowels.wav	10	ai	t2	9	0.153	782	1531	2236	0	206	781	18	373
vowels.wav	10	ai	t2	10	0.166	757	1548	2213	0	303	1105	13	183
vowels.wav	10	ai	t2	11	0.179	759	1581	2260	0	382	1174	11	140
vowels.wav	10	ai	t2	12	0.193	804	1623	2226	0	383	1187	12	156
vowels.wav	10	ai	t2	13	0.206	777	1714	2200	0	303	1106	12	183
vowels.wav	10	ai	t2	14	0.219	767	1701	2231	0	261	1042	14	222
vowels.wav	10	ai	t2	15	0.232	747	1778	2278	0	369	1112	12	183
vowels.wav	10	ai	t2	16	0.246	691	1838	2374	0	667	1503	9	100
vowels.wav	10	ai	t2	17	0.259	660	1885	2417	0	471	1272	11	146
vowels.wav	10	ai	t2	18	0.272	620	1923	2406	0	642	1747	9	80
vowels.wav	10	ai	t2	19	0.285	601	2017	2426	0	530	1549	9	95
vowels.wav	10	ai	t2	20	0.299	586	2027	2485	0	407	1006	14	226
vowels.wav	10	ai	t2	21	0.312	557	2133	2546	0	378	972	14	241
vowels.wav	10	ai	t2	22	0.325	537	2132	2546	0	373	1189	13	188
vowels.wav	10	ai	t2	23	0.338	479	2150	2664	0	380	1077	14	216
vowels.wav	10	ai	t2	24	0.352	448	2221	2701	0	396	1219	12	164
vowels.wav	10	ai	t2	25	0.365	446	2209	2619	0	454	1226	11	155
vowels.wav	10	ai	t2	26	0.378	441	2295	2575	0	370	1216	12	163
vowels.wav	10	ai	t2	27	0.391	442	2259	2607	0	481	1370	11	130
vowels.wav	10	ai	t2	28	0.405	437	2180	2644	0	549	1541	9	87
vowels.wav	10	ai	t2	29	0.418	426	2109	2658	0	318	875	14	262
vowels.wav	10	ai	t2	30	0.431	498	1938	2556	0	588	1510	9	99
vowels.wav	12	ai	t2	1	0.046	824	1448	2301	0	11309	5587	-1	-0.3
vowels.wav	12	ai	t2	2	0.057	871	1455	2332	0	19849	1610	-9	103
vowels.wav	12	ai	t2	3	0.068	856	1517	2310	0	290	1105	12	165
vowels.wav	12	ai	t2	4	0.079	835	1467	2275	0	60	406	32	1259
vowels.wav	12	ai	t2	5	0.090	808	1418	2328	0	26	368	35	1495
vowels.wav	12	ai	t2	6	0.102	819	1458	2393	0	23	373	35	1494
vowels.wav	12	ai	t2	7	0.113	810	1498	2366	0	35	438	29	1069
vowels.wav	12	ai	t2	8	0.124	800	1453	2289	0	31	421	30	1138
vowels.wav	12	ai	t2	9	0.135	796	1450	2274	0	60	580	24	662
vowels.wav	12	ai	t2	10	0.146	831	1499	2323	0	107	673	20	494
vowels.wav	12	ai	t2	11	0.158	834	1568	2319	0	309	1040	13	210
vowels.wav	12	ai	t2	12	0.169	826	1567	2292	0	306	1111	13	184
vowels.wav	12	ai	t2	13	0.180	801	1566	2295	0	330	1012	12	187
vowels.wav	12	ai	t2	14	0.191	801	1620	2285	0	546	1460	9	102
vowels.wav	12	ai	t2	15	0.202	785	1560	2244	0	173	898	15	266
vowels.wav	12	ai	t2	16	0.214	799	1643	2238	0	433	1396	10	113
vowels.wav	12	ai	t2	17	0.225	765	1707	2229	0	285	1053	13	206
vowels.wav	12	ai	t2	18	0.236	714	1763	2256	0	416	1158	12	171
vowels.wav	12	ai	t2	19	0.247	706	1813	2324	0	663	1471	9	103
vowels.wav	12	ai	t2	20	0.258	685	1867	2394	0	570	1487	10	107
vowels.wav	12	ai	t2	21	0.270	645	1917	2440	0	560	1502	10	107
vowels.wav	12	ai	t2	22	0.281	626	1957	2517	0	658	1773	8	73
vowels.wav	12	ai	t2	23	0.292	582	2015	2468	0	645	1431	9	107
vowels.wav	12	ai	t2	24	0.303	572	2103	2517	0	364	1088	12	178
vowels.wav	12	ai	t2	25	0.314	555	2124	2542	0	454	1119	12	184
vowels.wav	12	ai	t2	26	0.326	509	2166	2617	0	580	1489	10	105
vowels.wav	12	ai	t2	27	0.337	513	2207	2602	0	436	1222	12	170
vowels.wav	12	ai	t2	28	0.348	499	2250	2623	0	230	875	16	321
vowels.wav	12	ai	t2	29	0.359	502	2281	2668	0	504	1374	11	140
vowels.wav	12	ai	t2	30	0.371	503	2223	2589	0	255	893	16	308
vowels.wav	14	ai	t3	1	0.047	865	1512	2349	0	11607	5650	-1.0	-0.2
vowels.wav	14	ai	t3	2	0.060	851	1379	2365	0	13851	9094	-0.8	-1
vowels.wav	14	ai	t3	3	0.074	844	1424	2418	0	32	197	64	5146
vowels.wav	14	ai	t3	4	0.088	809	1432	2325	0	56	450	29	1021
vowels.wav	14	ai	t3	5	0.101	834	1370	2340	0	35	364	35	1538
vowels.wav	14	ai	t3	6	0.115	858	1384	2361	0	55	482	27	905
vowels.wav	14	ai	t3	7	0.128	838	1344	2339	0	70	545	24	723
vowels.wav	14	ai	t3	8	0.142	787	1427	2338	0	109	747	18	401
vowels.wav	14	ai	t3	9	0.156	872	1463	2425	0	313	1069	13	189
vowels.wav	14	ai	t3	10	0.169	829	1450	2380	0	327	1162	12	164
vowels.wav	14	ai	t3	11	0.183	806	1413	2310	0	363	1234	11	134
vowels.wav	14	ai	t3	12	0.196	837	1407	2300	0	324	1049	13	198
vowels.wav	14	ai	t3	13	0.210	818	1404	2228	0	420	1353	10	118
vowels.wav	14	ai	t3	14	0.223	799	1459	2238	0	277	1070	13	207
vowels.wav	14	ai	t3	15	0.237	787	1521	2315	0	495	1348	10	122
vowels.wav	14	ai	t3	16	0.251	773	1587	2312	0	576	1417	9	104
vowels.wav	14	ai	t3	17	0.264	734	1649	2304	0	510	1430	10	120
vowels.wav	14	ai	t3	18	0.278	699	1689	2320	0	576	1810	8	74
vowels.wav	14	ai	t3	19	0.291	668	1742	2341	0	501	1059	13	203
vowels.wav	14	ai	t3	20	0.305	646	1820	2410	0	298	872	15	294
vowels.wav	14	ai	t3	21	0.319	605	1914	2508	0	378	1090	13	208
vowels.wav	14	ai	t3	22	0.332	598	1986	2620	0	489	1276	12	158
vowels.wav	14	ai	t3	23	0.346	518	2094	2605	0	310	955	15	259
vowels.wav	14	ai	t3	24	0.359	502	2135	2574	0	499	1418	11	134
vowels.wav	14	ai	t3	25	0.373	493	2196	2659	0	305	1024	14	230
vowels.wav	14	ai	t3	26	0.387	475	2260	2708	0	493	1507	10	103
vowels.wav	14	ai	t3	27	0.400	474	2281	2775	0	461	1369	10	122
vowels.wav	14	ai	t3	28	0.414	459	2276	2838	0	400	1108	12	164
vowels.wav	14	ai	t3	29	0.427	468	2252	2814	0	552	1416	9	98
vowels.wav	14	ai	t3	30	0.441	469	2240	2758	0	557	1340	10	124
vowels.wav	16	ai	t3	1	0.047	857	1549	2353	0	11612	5652	-1.0	-0.2
vowels.wav	16	ai	t3	2	0.061	852	1462	2321	0	9900	9693	0.07	-2
vowels.wav	16	ai	t3	3	0.075	863	1444	2318	0	24	96	148	27217
vowels.wav	16	ai	t3	4	0.089	838	1454	2326	0	42	378	34	1416
vowels.wav	16	ai	t3	5	0.103	810	1465	2350	0	32	340	38	1755
vowels.wav	16	ai	t3	6	0.117	809	1386	2337	0	57	491	26	829
vowels.wav	16	ai	t3	7	0.131	830	1371	2368	0	60	491	27	890
vowels.wav	16	ai	t3	8	0.146	829	1431	2345	0	92	584	24	681
vowels.wav	16	ai	t3	9	0.160	855	1455	2298	0	231	910	15	271
vowels.wav	16	ai	t3	10	0.174	745	1469	2320	0	451	1416	9	101
vowels.wav	16	ai	t3	11	0.188	774	1504	2301	0	513	1406	9	102
vowels.wav	16	ai	t3	12	0.202	741	1539	2261	0	169	854	16	318
vowels.wav	16	ai	t3	13	0.216	870	1586	2255	0	261	1092	13	199
vowels.wav	16	ai	t3	14	0.230	884	1613	2295	0	567	1460	9	103
vowels.wav	16	ai	t3	15	0.244	841	1608	2281	0	548	1397	9	108
vowels.wav	16	ai	t3	16	0.258	774	1619	2288	0	459	1278	11	145
vowels.wav	16	ai	t3	17	0.272	779	1651	2271	0	668	1794	8	75
vowels.wav	16	ai	t3	18	0.286	777	1740	2240	0	548	1533	9	97
vowels.wav	16	ai	t3	19	0.300	680	1789	2301	0	325	887	16	300
vowels.wav	16	ai	t3	20	0.314	657	1934	2361	0	330	882	16	298
vowels.wav	16	ai	t3	21	0.328	593	1949	2488	0	645	1696	9	85
vowels.wav	16	ai	t3	22	0.343	562	1975	2580	0	435	1164	12	174
vowels.wav	16	ai	t3	23	0.357	528	2081	2584	0	398	1240	12	169
vowels.wav	16	ai	t3	24	0.371	523	2188	2624	0	292	929	16	289
vowels.wav	16	ai	t3	25	0.385	505	2211	2633	0	538	1539	9	98
vowels.wav	16	ai	t3	26	0.399	486	2217	2642	0	496	1464	9	102
vowels.wav	16	ai	t3	27	0.413	443	2235	2659	0	541	1281	10	115
vowels.wav	16	ai	t3	28	0.427	437	2233	2692	0	473	1275	11	132
vowels.wav	16	ai	t3	29	0.441	441	2251	2741	0	517	1277	11	139
vowels.wav	16	ai	t3	30	0.455	453	2240	2754	0	301	820	16	327
vowels.wav	18	ai	t3	1	0.047	776	1430	2322	0	11612	5652	-1.0	-0.2
vowels.wav	18	ai	t3	2	0.061	799	1417	2319	0	8655	9545	0.3	-2
vowels.wav	18	ai	t3	3	0.075	787	1371	2332	0	24	100	145	25844
vowels.wav	18	ai	t3	4	0.090	784	1381	2335	0	38	351	36	1639
vowels.wav	18	ai	t3	5	0.104	824	1434	2384	0	30	320	40	2004
vowels.wav	18	ai	t3	6	0.118	845	1379	2372	0	51	455	28	1001
vowels.wav	18	ai	t3	7	0.132	782	1302	2361	0	55	454	30	1096
vowels.wav	18	ai	t3	8	0.146	773	1363	2344	0	101	593	24	668
vowels.wav	18	ai	t3	9	0.160	775	1346	2314	0	233	865	16	299
vowels.wav	18	ai	t3	10	0.175	777	1391	2349	0	323	1192	11	151
vowels.wav	18	ai	t3	11	0.189	712	1441	2309	0	515	1393	10	108
vowels.wav	18	ai	t3	12	0.203	748	1435	2285	0	187	901	15	279
vowels.wav	18	ai	t3	13	0.217	835	1468	2255	0	270	1119	13	185
vowels.wav	18	ai	t3	14	0.231	765	1535	2205	0	430	1189	12	160
vowels.wav	18	ai	t3	15	0.245	691	1518	2161	0	744	1642	8	76
vowels.wav	18	ai	t3	16	0.260	659	1669	2217	0	535	1450	10	109
vowels.wav	18	ai	t3	17	0.274	631	1720	2357	0	611	1764	9	78
vowels.wav	18	ai	t3	18	0.288	598	1760	2562	0	579	1479	10	107
vowels.wav	18	ai	t3	19	0.302	570	1843	2505	0	344	931	14	246
vowels.wav	18	ai	t3	20	0.316	580	1959	2576	0	412	1088	13	191
vowels.wav	18	ai	t3	21	0.330	559	2081	2701	0	586	1605	9	96
vowels.wav	18	ai	t3	22	0.345	517	2103	2665	0	366	1084	13	193
vowels.wav	18	ai	t3	23	0.359	507	2209	2677	0	504	1374	11	136
vowels.wav	18	ai	t3	24	0.373	493	2168	2721	0	302	1017	14	241
vowels.wav	18	ai	t3	25	0.387	492	2186	2714	0	547	1602	9	93
vowels.wav	18	ai	t3	26	0.401	466	2255	2806	0	516	1431	10	107
vowels.wav	18	ai	t3	27	0.415	463	2240	2763	0	304	935	14	237
vowels.wav	18	ai	t3	28	0.430	438	2238	2707	0	475	1327	10	124
vowels.wav	18	ai	t3	29	0.444	356	2202	2567	0	385	1030	14	222
vowels.wav	18	ai	t3	30	0.458	478	2228	2512	0	237	605	23	636
vowels.wav	20	ai	t4	1	0.044	753	1489	2205	0	413	1421	10	109
vowels.wav	20	ai	t4	2	0.051	771	1483	2277	0	12543	4815	-1	0.9
vowels.wav	20	ai	t4	3	0.058	805	1496	2273	0	19346	2839	-5	25
vowels.wav	20	ai	t4	4	0.066	813	1528	2265	0	1001	2547	6	33
vowels.wav	20	ai	t4	5	0.073	818	1536	2291	0	95	595	22	581
vowels.wav	20	ai	t4	6	0.081	819	1537	2294	0	134	702	18	417
vowels.wav	20	ai	t4	7	0.088	821	1595	2289	0	66	503	25	796
vowels.wav	20	ai	t4	8	0.095	827	1662	2295	0	61	502	26	811
vowels.wav	20	ai	t4	9	0.103	816	1600	2281	0	60	490	26	840
vowels.wav	20	ai	t4	10	0.110	792	1596	2272	0	61	506	26	810
vowels.wav	20	ai	t4	11	0.117	771	1604	2274	0	72	555	23	671
vowels.wav	20	ai	t4	12	0.125	772	1612	2263	0	67	534	24	726
vowels.wav	20	ai	t4	13	0.132	764	1643	2241	0	119	716	19	420
vowels.wav	20	ai	t4	14	0.140	744	1705	2240	0	116	765	18	376
vowels.wav	20	ai	t4	15	0.147	720	1725	2347	0	207	981	14	233
vowels.wav	20	ai	t4	16	0.154	705	1768	2462	0	361	1166	11	152
vowels.wav	20	ai	t4	17	0.162	673	1810	2498	0	282	1058	12	184
vowels.wav	20	ai	t4	18	0.169	640	1822	2440	0	398	1346	10	124
vowels.wav	20	ai	t4	19	0.176	622	1824	2380	0	675	1713	8	71
vowels.wav	20	ai	t4	20	0.184	613	1859	2385	0	464	1452	9	100
vowels.wav	20	ai	t4	21	0.191	632	1926	2474	0	421	1129	12	171
vowels.wav	20	ai	t4	22	0.199	643	1947	2555	0	202	992	14	229
vowels.wav	20	ai	t4	23	0.206	621	1981	2520	0	274	1143	12	160
vowels.wav	20	ai	t4	24	0.213	596	1965	2475	0	755	1833	8	64
vowels.wav	20	ai	t4	25	0.221	571	2053	2525	0	161	871	17	326
vowels.wav	20	ai	t4	26	0.228	570	2048	2500	0	481	1247	11	141
vowels.wav	20	ai	t4	27	0.235	558	2001	2510	0	345	1133	12	172
vowels.wav	20	ai	t4	28	0.243	522	2042	2565	0	575	1280	10	130
vowels.wav	20	ai	t4	29	0.250	523	2102	2570	0	551	1460	9	102
vowels.wav	20	ai	t4	30	0.258	522	2122	2537	0	623	1525	10	104
vowels.wav	22	ai	t4	1	0.044	793	1556	2337	0	382	1344	10	126
vowels.wav	22	ai	t4	2	0.051	832	1546	2332	0	12520	4835	-1	0.9
vowels.wav	22	ai	t4	3	0.058	811	1528	2368	0	19510	2661	-6	33
vowels.wav	22	ai	t4	4	0.065	776	1505	2368	0	1090	3158	5	24
vowels.wav	22	ai	t4	5	0.072	760	1512	2353	0	167	804	16	308
vowels.wav	22	ai	t4	6	0.079	760	1543	2351	0	56	430	30	1133
vowels.wav	22	ai	t4	7	0.086	760	1518	2357	0	109	673	19	453
vowels.wav	22	ai	t4	8	0.093	758	1527	2353	0	66	523	24	740
vowels.wav	22	ai	t4	9	0.100	759	1596	2360	0	61	503	26	816
vowels.wav	22	ai	t4	10	0.107	760	1642	2355	0	67	527	24	730
vowels.wav	22	ai	t4	11	0.114	747	1632	2344	0	80	599	22	576
vowels.wav	22	ai	t4	12	0.121	734	1642	2345	0	93	639	20	500
vowels.wav	22	ai	t4	13	0.128	723	1662	2327	0	65	515	26	816
vowels.wav	22	ai	t4	14	0.135	707	1659	2330	0	64	483	29	989
vowels.wav	22	ai	t4	15	0.142	693	1698	2340	0	72	551	26	779
vowels.wav	22	ai	t4	16	0.149	684	1774	2343	0	176	785	18	374
vowels.wav	22	ai	t4	17	0.156	659	1806	2334	0	258	912	16	282
vowels.wav	22	ai	t4	18	0.163	640	1836	2344	0	212	877	16	294
vowels.wav	22	ai	t4	19	0.170	633	1876	2422	0	426	1460	10	106
vowels.wav	22	ai	t4	20	0.177	618	1895	2418	0	527	1319	10	114
vowels.wav	22	ai	t4	21	0.184	603	1907	2410	0	447	1308	10	117
vowels.wav	22	ai	t4	22	0.191	630	1994	2508	0	445	1227	11	144
vowels.wav	22	ai	t4	23	0.198	602	2041	2511	0	152	882	16	302
vowels.wav	22	ai	t4	24	0.205	589	2067	2546	0	231	932	14	252
vowels.wav	22	ai	t4	25	0.212	568	2120	2555	0	745	1747	8	67
vowels.wav	22	ai	t4	26	0.219	535	2147	2539	0	158	844	17	350
vowels.wav	22	ai	t4	27	0.226	529	2155	2621	0	576	1483	9	98
vowels.wav	22	ai	t4	28	0.233	516	2143	2617	0	593	1351	10	118
vowels.wav	22	ai	t4	29	0.240	500	2117	2646	0	323	982	14	245
vowels.wav	22	ai	t4	30	0.247	493	2141	2681	0	830	1700	8	70
vowels.wav	24	ai	t4	1	0.044	761	1477	2319	0	461	1543	9	93
vowels.wav	24	ai	t4	2	0.052	781	1385	2306	0	12600	4763	-1	1.0
vowels.wav	24	ai	t4	3	0.061	784	1508	2327	0	12695	8521	-0.5	-2
vowels.wav	24	ai	t4	4	0.069	790	1517	2285	0	337	1173	11	142
vowels.wav	24	ai	t4	5	0.077	785	1472	2275	0	27	252	51	3307
vowels.wav	24	ai	t4	6	0.085	782	1402	2294	0	100	632	20	507
vowels.wav	24	ai	t4	7	0.094	779	1455	2315	0	51	468	27	939
vowels.wav	24	ai	t4	8	0.102	772	1475	2316	0	49	457	28	981
vowels.wav	24	ai	t4	9	0.110	765	1501	2320	0	54	480	27	889
vowels.wav	24	ai	t4	10	0.118	756	1548	2343	0	65	519	25	751
vowels.wav	24	ai	t4	11	0.127	750	1561	2338	0	49	424	30	1103
vowels.wav	24	ai	t4	12	0.135	729	1596	2308	0	57	494	28	927
vowels.wav	24	ai	t4	13	0.143	727	1619	2290	0	77	529	26	815
vowels.wav	24	ai	t4	14	0.151	727	1658	2261	0	202	768	18	373
vowels.wav	24	ai	t4	15	0.160	686	1699	2334	0	261	996	14	231
vowels.wav	24	ai	t4	16	0.168	659	1761	2531	0	345	1187	11	150
vowels.wav	24	ai	t4	17	0.176	628	1822	2555	0	527	1329	9	108
vowels.wav	24	ai	t4	18	0.184	612	1847	2514	0	461	1376	10	107
vowels.wav	24	ai	t4	19	0.193	612	1875	2554	0	500	1338	10	122
vowels.wav	24	ai	t4	20	0.201	617	1966	2621	0	245	1023	13	197
vowels.wav	24	ai	t4	21	0.209	588	2022	2602	0	437	1461	9	102
vowels.wav	24	ai	t4	22	0.217	541	2073	2527	0	196	987	14	229
vowels.wav	24	ai	t4	23	0.226	534	2042	2516	0	644	1732	8	69
vowels.wav	24	ai	t4	24	0.234	542	2025	2540	0	479	1278	11	136
vowels.wav	24	ai	t4	25	0.242	499	1955	2527	0	609	1345	10	118
vowels.wav	24	ai	t4	26	0.250	450	2011	2541	0	569	1459	9	99
vowels.wav	24	ai	t4	27	0.259	426	1989	2616	0	673	1669	9	89
vowels.wav	24	ai	t4	28	0.267	417	2145	2603	0	347	1198	12	170
vowels.wav	24	ai	t4	29	0.275	424	2203	2616	0	508	1616	9	94
vowels.wav	24	ai	t4	30	0.284	451	2216	2849	0	564	1541	9	99
