File_name	Segment	Dur	F0_min	F0_min_loc	F0_max	F0_max_loc	F0_mgnt	F0_changerate
GJF_si13	t13	0.317	86.94	0.17	128.56	0.94	41.62	170.31
GJF_si13	t13	0.346	91.37	0.23	128.01	0.89	36.64	161.05
GJF_si13	t13	0.309	88.24	0.30	93.37	0.50	5.13	81.07
GJF_si21	t21	0.273	77.09	0.85	87.38	0.11	-10.29	-50.54
GJF_si21	t21	0.279	76.18	0.82	87.88	0.06	-11.70	-55.21
GJF_si21	t21	0.244	80.52	0.81	85.67	0.06	-5.15	-28.30
GJF_si24	t24	0.335	90.16	0.27	407.59	1.00	317.43	1288.29
GJF_si24	t24	0.343	90.83	0.22	132.61	0.98	41.78	159.46
GJF_si24	t24	0.335	87.85	0.28	133.21	0.88	45.36	225.57
GJF_si24	t24	0.314	88.32	0.15	93.56	0.47	5.25	53.24
GJF_si24	t24	0.321	87.84	0.05	91.60	0.26	3.76	55.49
GJF_si24	t24	0.261	90.95	0.32	103.30	0.68	12.35	128.51
GJF_si34	t34	0.366	118.85	0.26	139.80	1.00	20.95	76.96
GJF_si34	t34	0.395	117.05	0.22	139.04	0.96	22.00	75.38
GJF_si34	t34	0.394	115.82	0.11	142.45	0.99	26.64	76.48
GJF_si42	t34	0.382	128.51	0.68	144.70	0.28	-16.20	-104.54
GJF_si42	t34	0.401	128.61	0.55	140.56	0.18	-11.95	-80.35
GJF_si42	t34	0.380	128.41	0.58	144.47	0.36	-16.07	-186.84
GJF_si45	t45	0.264	162.38	0.03	461.92	1.00	299.54	1173.44
GJF_si45	t45	0.293	149.53	0.06	206.97	0.87	57.44	242.41
GJF_si45	t45	0.280	158.59	0.06	217.94	0.88	59.35	259.40
LG_t13	t13	0.299	138.50	0.23	169.67	0.88	31.17	161.60
LG_t13	t13	0.276	133.78	0.24	169.22	0.87	35.44	202.06
LG_t13	t13	0.279	135.14	0.32	164.53	0.90	29.39	181.52
LG_t21	t21	0.256	NA	NA	NA	NA	NA	NA
LG_t21	t21	0.146	NA	NA	NA	NA	NA	NA
LG_t21	t21	0.236	NA	NA	NA	NA	NA	NA
LG_t24	t24	0.370	146.97	0.77	162.00	0.90	15.03	334.44
LG_t24	t24	0.396	149.03	0.77	180.28	0.91	31.25	565.87
LG_t24	t24	0.363	154.73	0.81	165.36	0.96	10.64	198.56
LG_t34	t34	0.274	183.39	0.07	210.84	0.80	27.44	136.54
LG_t34	t34	0.318	178.44	0.19	199.86	0.89	21.42	96.58
LG_t34	t34	0.301	172.87	0.33	202.32	0.86	29.45	182.93
LG_t43	t42	0.260	140.07	0.77	187.29	0.09	-47.22	-268.71
LG_t43	t42	0.216	141.01	0.82	205.17	0.03	-64.16	-374.28
LG_t43	t42	0.207	159.76	0.86	180.84	0.17	-21.07	-147.45
LG_t45	t45	0.181	215.00	0.09	282.89	0.75	67.90	560.46
LG_t45	t45	0.240	209.56	0.08	275.71	0.76	66.14	404.67
LG_t45	t45	0.203	204.66	0.08	268.84	0.85	64.18	407.94
SM_si13	t13	0.370	155.65	0.22	199.62	0.86	43.97	188.40
SM_si13	t13	0.344	164.45	0.31	194.53	0.91	30.08	145.33
SM_si13	t13	0.296	159.98	0.26	187.38	0.67	27.41	226.12
SM_si21	t21	0.255	146.80	0.90	198.18	0.10	-51.39	-252.43
SM_si21	t21	0.255	133.84	0.86	190.57	0.10	-56.73	-294.16
SM_si21	t21	0.217	132.32	0.87	178.55	0.18	-46.23	-308.22
SM_si34	t34	0.380	224.41	0.84	241.74	0.65	-17.34	-238.93
SM_si34	t34	0.396	220.99	0.74	233.81	0.63	-12.82	-285.07
SM_si34	t34	0.382	216.36	0.09	233.71	0.89	17.35	56.68
SM_si42	t42	0.318	147.73	0.95	247.24	0.09	-99.51	-359.83
SM_si42	t42	0.269	152.71	0.94	244.39	0.13	-91.68	-420.64
SM_si42	t42	0.244	154.78	0.94	242.80	0.15	-88.01	-455.26
SM_si42	t42	0.246	152.95	0.93	241.47	0.16	-88.53	-464.96
SM_si42	t42	0.255	146.17	0.81	218.11	0.06	-71.93	-372.99
SM_si42	t42	0.196	150.86	0.91	219.92	0.23	-69.06	-519.55
SM_si45	t45	0.216	272.14	0.06	330.46	0.77	58.32	380.65
SM_si45	t45	0.174	269.78	0.10	300.58	0.89	30.79	223.29
SM_si45	t45	0.182	268.04	0.03	313.31	0.84	45.27	307.53
ZM_tou13	t13	0.343	124.89	0.35	154.32	0.92	29.43	150.22
ZM_tou13	t13	0.358	124.96	0.29	151.55	0.95	26.59	112.90
ZM_tou13	t13	0.340	123.60	0.19	160.99	0.89	37.40	156.87
ZM_tou21	t21	0.323	114.78	0.95	139.43	0.08	-24.65	-88.50
ZM_tou21	t21	0.362	117.07	0.93	132.24	0.31	-15.16	-68.13
ZM_tou21	t21	0.339	120.88	0.96	132.23	0.30	-11.34	-50.95
ZM_tou24	t24	0.320	123.42	0.42	181.01	0.91	57.59	364.56
ZM_tou24	t24	0.333	130.59	0.53	172.63	0.91	42.05	334.51
ZM_tou24	t24	0.311	127.73	0.53	172.72	0.95	44.99	346.46
ZM_tou34	t34	0.326	136.62	0.18	159.10	0.89	22.48	96.50
ZM_tou34	t34	0.322	141.88	0.22	156.40	0.95	14.52	61.62
ZM_tou34	t34	0.323	135.65	0.23	157.03	0.86	21.38	104.91
ZM_tou42	t42	0.395	128.73	0.85	173.69	0.04	-44.96	-139.87
ZM_tou42	t42	0.394	126.49	0.88	175.88	0.12	-49.40	-165.92
ZM_tou42	t42	0.354	130.32	0.86	170.33	0.05	-40.01	-138.31
ZM_tou45	t45	0.277	159.08	0.09	231.26	0.84	72.17	346.99
ZM_tou45	t45	0.276	174.92	0.13	232.35	0.88	57.44	279.28
ZM_tou45	t45	0.261	178.16	0.12	228.96	0.86	50.80	262.41
ZWJ_pa45	t45	0.346	212.12	0.22	282.63	0.89	70.52	304.07
ZWJ_pa45	t45	0.291	231.06	0.16	284.50	0.98	53.44	222.99
ZWJ_pa45	t45	0.275	220.96	0.17	262.30	0.77	41.34	251.71
ZWJ_pe14	t13	0.362	152.66	0.39	211.90	0.96	59.24	289.53
ZWJ_pe14	t13	0.356	149.92	0.28	194.58	0.83	44.66	229.14
ZWJ_pe14	t13	0.319	155.08	0.32	190.16	0.88	35.07	197.69
ZWJ_pon13	t13	0.393	142.76	0.23	173.43	0.83	30.67	130.41
ZWJ_pon13	t13	0.371	146.33	0.27	174.65	0.81	28.32	141.86
ZWJ_pon13	t13	0.373	138.86	0.34	169.72	0.84	30.85	164.50
ZWJ_pu21	t21	0.363	125.41	0.87	172.01	0.07	-46.61	-161.11
ZWJ_pu21	t21	0.326	137.90	0.81	164.23	0.06	-26.33	-106.83
ZWJ_pu21	t21	0.298	124.89	0.91	161.73	0.05	-36.85	-143.29
ZWJ_pu45	t45	0.330	244.63	0.09	445.94	1.00	201.31	671.35
ZWJ_pu45	t45	0.318	281.14	0	398.26	0.92	117.12	401.96
ZWJ_pu45	t45	0.299	259.32	0.13	383.66	0.78	124.34	632.03
ZWJ_si13	t13	0.421	134.41	0.44	165.40	0.81	30.99	198.00
ZWJ_si13	t13	0.378	133.47	0.44	158.38	0.80	24.91	183.02
ZWJ_si13	t13	0.326	132.13	0.23	157.28	0.81	25.15	133.20
ZWJ_si21	t21	0.262	138.27	0.72	164.93	0.07	-26.66	-155.50
ZWJ_si21	t21	0.211	138.73	0.83	159.41	0.12	-20.69	-137.91
ZWJ_si21	t21	0.192	132.31	0.64	155.20	0.08	-22.89	-213.60
ZWJ_si21_2	t21	0.270	132.92	0.82	152.72	0.10	-19.80	-102.66
ZWJ_si21_2	t21	0.243	138.27	0.68	155.24	0.08	-16.97	-117.54
ZWJ_si21_2	t21	0.196	118.14	0.73	147.11	0.09	-28.97	-232.27
ZWJ_si24	t24	0.377	153.91	0.17	207.51	0.90	53.61	195.72
ZWJ_si24	t24	0.315	154.57	0.20	197.23	0.81	42.66	220.94
ZWJ_si24	t24	0.279	155.56	0.31	189.01	0.82	33.45	236.37
ZWJ_si24_2	t24	0.416	147.93	0.26	201.28	0.79	53.34	242.31
ZWJ_si24_2	t24	0.349	146.58	0.14	201.60	0.91	55.02	203.04
ZWJ_si24_2	t24	0.323	147.91	0.28	205.53	0.85	57.62	314.14
ZWJ_si34	t34	0.376	181.91	0.93	193.39	0.75	-11.47	-171.22
ZWJ_si34	t34	0.344	170.07	0.89	183.73	0.49	-13.66	-98.99
ZWJ_si34	t34	0.307	168.98	0.90	186.24	0.53	-17.27	-152.41
ZWJ_si42	t42	0.329	171.42	0.78	217.63	0.25	-46.21	-265.01
ZWJ_si42	t42	0.281	174.05	0.79	211.97	0.43	-37.92	-378.05
ZWJ_si42	t42	0.271	156.23	0.89	215.18	0.36	-58.95	-404.57
ZWJ_si45	t45	0.304	229.27	0.06	320.63	0.80	91.36	407.20
ZWJ_si45	t45	0.301	243.65	0.06	328.56	0.87	84.91	344.55
ZWJ_si45	t45	0.287	240.36	0.05	293.00	0.67	52.65	295.71
ZWJ_thi45	t45	0.322	238.59	0.09	333.28	0.88	94.68	370.38
ZWJ_thi45	t45	0.297	242.33	0.09	301.79	0.85	59.46	264.35
ZWJ_thi45	t45	0.259	235.11	0.09	327.06	1.00	91.96	388.47
ZWJ_ti13	t13	0.449	137.10	0.37	173.65	0.83	36.56	173.73
ZWJ_ti13	t13	0.465	141.83	0.41	158.09	0.85	16.26	79.72
ZWJ_ti13	t13	0.384	140.86	0.27	169.05	0.87	28.18	121.29
ZWJ_ti13_2	t13	0.374	147.60	0.24	209.61	0.80	62.01	298.46
ZWJ_ti13_2	t13	0.377	148.11	0.30	197.98	0.81	49.88	262.87
ZWJ_ti13_2	t13	0.335	150.74	0.33	201.42	0.92	50.69	256.59
ZWJ_ti21	42	0.328	149.91	0.88	223.33	0.03	-73.42	-263.55
ZWJ_ti21	t42	0.270	148.69	0.94	252.02	0	-103.33	-408.41
ZWJ_ti21	t42	0.275	155.46	0.85	237.33	0	-81.87	-349.97
ZWJ_ti21_2	t21	0.318	132.80	0.77	154.12	0.26	-21.32	-132.65
ZWJ_ti21_2	t21	0.340	161.13	0.28	202.99	0.93	41.85	189.83
ZWJ_ti21_2	t21	0.275	152.93	0.38	170.03	0.09	-17.10	-217.30
ZWJ_ti24	t24	0.351	159.16	0.30	266.86	1.00	107.70	436.39
ZWJ_ti24	t24	0.357	164.22	0.26	239.43	0.95	75.21	303.36
ZWJ_ti24	t24	0.317	159.26	0.35	261.34	1.00	102.08	491.75
ZWJ_ti34	t34	0.333	180.24	0.53	203.77	0.99	23.53	154.52
ZWJ_ti34	t34	0.262	168.95	0.79	200.53	0.98	31.58	642.69
ZWJ_ti34	t34	0.247	172.90	0.86	195.70	0.02	-22.81	-110.33
ZWJ_ti45	t45	0.312	230.73	0.09	351.51	1.00	120.77	424.35
ZWJ_ti45	t45	0.323	229.64	0.08	325.96	0.89	96.33	367.56
ZWJ_ti45	t45	0.261	231.55	0.09	334.82	0.90	103.27	488.48
ZX_di13	t13	0.413	120.90	0.05	224.06	0.91	103.17	288.96
ZX_di13	t13	0.365	165.56	0.46	213.81	0.93	48.25	278.45
ZX_di13	t13	0.326	154.49	0.35	218.20	0.85	63.72	390.43
ZX_di21	t21	0.428	122.18	0.94	175.43	0.12	-53.25	-151.35
ZX_di21	t21	0.492	124.61	0.92	165.43	0.17	-40.82	-109.96
ZX_di21	t21	0.398	125.65	0.90	166.65	0.32	-40.99	-176.72
ZX_di24	t24	0.357	127.51	0.05	297.26	0.95	169.75	528.26
ZX_di24	t24	0.404	131.36	0.06	312.71	0.96	181.35	502.94
ZX_di24	t24	0.226	192.85	0.55	243.13	0.86	50.28	701.49
ZX_di24	t24	0.355	201.38	0.47	279.73	0.88	78.35	537.32
ZX_di24	t24	0.345	125.78	0.11	259.90	0.85	134.12	526.27
ZX_di24	t24	0.223	141.65	0.12	246.92	0.87	105.27	625.79
ZX_di45	t45	0.304	219.17	0.02	356.30	0.88	137.13	527.39
ZX_di45	t45	0.316	219.33	0.06	308.60	0.91	89.27	333.49
ZX_di45	t45	0.216	225.81	0.03	350.99	1.00	125.18	597.06
ZX_si13	t13	0.338	127.20	0.44	163.97	0.91	36.77	231.75
ZX_si13	t13	0.267	116.17	0.50	139.60	0.84	23.42	256.31
ZX_si21	t21	0.449	124.93	0.80	159.37	0.32	-34.44	-160.32
ZX_si21	t21	0.480	120.43	0.81	151.18	0.25	-30.75	-113.47
ZX_si21	t21	0.285	116.36	0.74	428.46	1.00	312.10	4278.12
ZX_si21_2	t21	0.364	120.05	0.87	152.56	0.31	-32.52	-159.74
ZX_si21_2	t21	0.352	118.58	0.83	155.21	0.17	-36.63	-155.39
ZX_si21_2	t21	0.243	NA	NA	NA	NA	NA	NA
ZX_si24	t24	0.323	182.14	0.58	260.15	0.94	78.00	672.22
ZX_si24	t24	0.286	165.88	0.44	239.07	0.87	73.19	598.48
ZX_si24	t24	0.250	196.65	0.54	245.13	0.79	48.48	770.91
ZX_si24	t24	0.314	189.56	0.53	240.82	0.83	51.25	546.78
ZX_si24	t24	0.359	163.95	0.38	237.51	0.82	73.56	466.91
ZX_si24	t24	0.301	173.91	0.45	237.68	0.77	63.77	645.19
ZX_si24	t24	0.350	205.33	0.48	249.72	0.78	44.40	428.37
ZX_si24	t24	0.296	178.95	0.43	235.98	0.81	57.04	509.11
ZX_si24	t24	0.225	214.20	0.98	246.83	0.76	-32.63	-677.11
ZX_si34	t34	0.395	140.77	0.12	168.29	0.87	27.52	93.25
ZX_si34	t34	0.210	146.83	0.30	169.92	0.81	23.09	214.97
ZX_si34	t34	0.209	150.12	0.35	165.35	0.84	15.23	149.00
ZX_si43	t42	0.317	168.62	0.91	217.38	0.37	-48.76	-288.73
ZX_si43	t42	0.335	162.76	0.79	205.99	0.28	-43.23	-253.37
ZX_si43	t42	0.188	173.61	0.84	203.35	0.45	-29.73	-403.37
ZX_si43	t42	0.299	168.78	0.91	216.80	0.34	-48.01	-278.41
ZX_si43	t42	0.337	154.74	0.85	207.65	0.28	-52.91	-273.66
ZX_si43	t42	0.219	161.29	0.82	193.91	0.40	-32.62	-357.77
ZX_si45	t45	0.193	186.97	0.14	351.99	0.89	165.02	1142.90
ZX_si45	t45	0.227	180.96	0.12	260.13	0.77	79.16	541.00
ZX_si45	t45	0.125	190.36	0.20	259.24	0.88	68.88	803.58
ZX_si45	t45	0.219	219.04	0.13	314.18	0.90	95.13	567.73
ZX_si45	t45	0.211	196.38	0.12	268.21	0.87	71.83	450.37
ZX_si45	t45	0.133	229.67	0.30	293.10	0.87	63.43	841.40
ZX_si45_2	t45	0.234	213.78	0.06	277.95	0.83	64.17	360.39
ZX_si45_2	t45	0.208	220.43	0.09	284.28	0.79	63.85	435.49
ZX_si45_2	t45	0.178	218.75	0.11	333.01	0.79	114.26	940.37
ZX_si45_3	t45	0.238	188.11	0.12	302.18	0.92	114.06	596.63
ZX_si45_3	t45	0.268	181.36	0.10	268.26	0.91	86.90	402.36
ZX_si45_3	t45	0.237	208.75	0.07	281.69	0.85	72.95	396.56
ZX_ti34	t34	0.341	185.68	0.04	239.62	0.91	53.94	183.54
ZX_ti34	t34	0.342	185.19	0.05	232.03	0.92	46.84	156.33
ZX_ti34	t34	0.318	188.15	0.05	234.87	0.83	46.72	188.06
ZX_ti42	t42	0.352	224.31	0.80	249.02	0.54	-24.71	-262.96
ZX_ti42	t42	0.342	225.86	0.73	252.10	0.50	-26.24	-330.61
ZX_ti42	t42	0.276	223.76	0.75	251.16	0.45	-27.40	-325.27
ZX_ti45	t45	0.263	216.76	0.07	336.80	0.89	120.04	560.81
ZX_ti45	t45	0.260	200.21	0.03	320.46	0.89	120.26	534.24
ZX_ti45	t45	0.180	227.59	0.08	321.19	0.84	93.60	691.50
